00100001
01000010
00000111
00010000
00000010
00000010
00000000
00010000
00000001
01000000
10000100
00100000
01100011
10010100
00010001
00010000
00000001
01100000
00000100
00100000
00001100
00000000
00000110
00010000
00001101
01000000
00000001
00010000
00001110
00000010
00000000
00010000
00101111
00000000
00000000
00010000
00001100
01000000
10110000
00100000
00001101
01000000
10110100
00100000
00001110
01000000
10111000
00100000
00001111
01000000
10111100
00100000
00010000
00000000
00010000
00010000
00010001
10000000
00000001
00010000
00010010
00010100
00000000
00010000
01110011
00000000
00000000
00010000
00100010
00000000
00000000
00010000
01000011
00000000
00000000
00010000
10000100
00000000
00000000
00010000
00000101
00000001
00000000
00010000
00000110
00000010
00000000
00010000
00000111
00000100
00000000
00010000
00001000
00001000
00000000
00010000
00001001
00010000
00000000
00010000
11101010
00011111
00000000
00010000
00001011
00000000
00000100
00000000
00000000
00000000
00000100
00110000
00000000
00000000
00000100
00110000
00000000
00000000
00000100
00110000
00000000
00000000
00000100
00110000
00000000
00000000
00000100
00110000
00000000
00000000
00000100
00110000
00000000
00000000
00000100
00110000
00000000
00000000
00000100
00110000
00000000
00000000
00000100
00110000
11000000
01111110
10101001
01111110
00001011
01000000
10101101
00100011
00100000
01000101
00101100
01111100
01000000
01100101
00101100
01111100
01100000
10000101
00101100
01111100
10000000
10100101
00101100
01111100
10100000
11000101
00101100
01111100
11000000
11100101
00101100
01111100
11100000
00000101
00101101
01111100
00000000
00100110
00101101
01111100
00010100
01100000
10000110
00100011
00000000
00000010
01010000
01111100
00010100
01000000
10000110
00100011
00000000
00000010
01010000
01111100
00010100
00100000
10000110
00100011
00000000
00000010
01010000
01111100
00010100
00000000
10000110
00100011
00000000
00000010
01010000
01111100
00010100
11100000
10000101
00100011
00000000
00000010
01010000
01111100
00010100
11000000
10000101
00100011
00000000
00000010
01010000
01111100
00010100
10100000
10000101
00100011
00000000
00000010
01010000
01111100
00010100
10000000
10000101
00100011
00000000
00000010
01010000
01111100
00000000
00000100
00000100
10111100
00000001
01100000
00000110
00100011
11000000
00000011
00000100
10111100
00000001
01000000
00000110
00100011
10000000
00000011
00000100
10111100
00000001
00100000
00000110
00100011
01000000
00000011
00000100
10111100
00000001
00000000
00000110
00100011
00000000
00000011
00000100
10111100
00000001
11100000
00000101
00100011
11000000
00000010
00000100
10111100
00000001
11000000
00000101
00100011
10000000
00000010
00000100
10111100
00000001
10100000
00000101
00100011
01000000
00000010
00000100
10111100
00000001
10000000
00000101
00100011
00000000
00000010
00000100
10111100
00000001
01100000
00000110
00100010
11000000
00000001
00000100
10111100
00000001
01000000
00000110
00100010
10000000
00000001
00000100
10111100
00000001
00100000
00000110
00100010
01000000
00000001
00000100
10111100
00000001
00000000
00000110
00100010
00000000
00000001
00000100
10111100
00000001
11100000
00000101
00100010
11000000
00000000
00000100
10111100
00000001
11000000
00000101
00100010
10000000
00000000
00000100
10111100
00000001
10100000
00000101
00100010
01000000
00000000
00000100
10111100
00000001
10000000
00000101
00100010
01100000
00010111
00000100
10111100